a <- c(1,2,3,4,5)
b <- c(4,1,3,2,5,1,2,3,4,5)
a**b
